 ./201906171455430/gfun3                                                        
  
Mw =   5.73150
FM =  19.8015   84.3402  148.8699  89.9347  25.7018
M =   0.171587   0.190005  -0.360355  -0.045767   0.206261   0.232852
exp =    18
ISO =   0.0000 DC =   0.8119 CLVD =   0.1881
ERR  =  0.1424E+01
